ISO-10303-21;
HEADER;
/* Generated by software containing ST-Developer
 * from STEP Tools, Inc. (www.steptools.com) 
 */
/* OPTION: using custom schema-name function */

FILE_DESCRIPTION(
/* description */ (''),
/* implementation_level */ '2;1');

FILE_NAME(
/* name */ '1928403095_01_001.stp',
/* time_stamp */ '2016-03-01T10:45:01+05:00',
/* author */ (''),
/* organization */ (''),
/* preprocessor_version */ 'ST-DEVELOPER v15',
/* originating_system */ 'SIEMENS PLM Software NX 9.0',
/* authorisation */ '');

FILE_SCHEMA (('AUTOMOTIVE_DESIGN { 1 0 10303 214 3 1 1 1 }'));
ENDSEC;

DATA;
#10=PROPERTY_DEFINITION_REPRESENTATION(#14,#12);
#11=PROPERTY_DEFINITION_REPRESENTATION(#15,#13);
#12=REPRESENTATION('',(#16),#9654);
#13=REPRESENTATION('',(#17),#9654);
#14=PROPERTY_DEFINITION('pmi validation property','',#21);
#15=PROPERTY_DEFINITION('pmi validation property','',#21);
#16=VALUE_REPRESENTATION_ITEM('number of annotations',COUNT_MEASURE(0.));
#17=VALUE_REPRESENTATION_ITEM('number of views',COUNT_MEASURE(0.));
#18=SHAPE_REPRESENTATION_RELATIONSHIP('None',
'relationship between dpe711D4A471cfan-None and dpe711D4A471cfan-None',
#30,#19);
#19=ADVANCED_BREP_SHAPE_REPRESENTATION('dpe711D4A471cfan-None',(#40),#9654);
#20=SHAPE_DEFINITION_REPRESENTATION(#21,#30);
#21=PRODUCT_DEFINITION_SHAPE('','',#22);
#22=PRODUCT_DEFINITION(' ','',#24,#23);
#23=PRODUCT_DEFINITION_CONTEXT('part definition',#29,'design');
#24=PRODUCT_DEFINITION_FORMATION_WITH_SPECIFIED_SOURCE(' ',' ',#26,
 .NOT_KNOWN.);
#25=PRODUCT_RELATED_PRODUCT_CATEGORY('part','',(#26));
#26=PRODUCT('dpe711D4A471cfan','dpe711D4A471cfan',' ',(#27));
#27=PRODUCT_CONTEXT(' ',#29,'mechanical');
#28=APPLICATION_PROTOCOL_DEFINITION('international standard',
'automotive_design',2010,#29);
#29=APPLICATION_CONTEXT(
'core data for automotive mechanical design processes');
#30=SHAPE_REPRESENTATION('dpe711D4A471cfan-None',(#4990),#9654);
#31=PRESENTATION_LAYER_ASSIGNMENT('100','Layer 100',(#40));
#32=STYLED_ITEM('',(#33),#40);
#33=PRESENTATION_STYLE_ASSIGNMENT((#34));
#34=SURFACE_STYLE_USAGE(.BOTH.,#35);
#35=SURFACE_SIDE_STYLE('',(#36));
#36=SURFACE_STYLE_FILL_AREA(#37);
#37=FILL_AREA_STYLE('',(#38));
#38=FILL_AREA_STYLE_COLOUR('',#39);
#39=COLOUR_RGB('Medium Teal',0.,0.6,0.6);
#40=MANIFOLD_SOLID_BREP('',#41);
#41=CLOSED_SHELL('',(#546,#547,#548,#549,#550,#551,#552,#553,#554,#555,
#556,#557,#558,#559,#560,#561,#562,#563,#564,#565,#566,#567,#568,#569,#570,
#571,#572,#573,#574,#575,#576,#577,#578,#579,#580,#581,#582,#583,#584,#585,
#586,#587,#588,#589,#590,#591,#592,#593,#594,#595,#596,#597,#598,#599,#600,
#601,#602,#603,#604,#605,#606,#607,#608,#609,#610,#611,#612,#613,#614,#615,
#616,#617,#618,#619,#620,#621,#622,#623,#624,#625,#626,#627,#628,#629,#630,
#631,#632,#633,#634,#635,#636,#637,#638,#639,#640,#641,#642,#643,#644,#645,
#646,#647,#648,#649,#650,#651,#652,#653,#654,#655,#656,#657,#658,#659,#660,
#661,#662,#663,#664,#665,#666,#667,#668,#669,#670,#671,#672,#673,#674,#675,
#676,#677,#678,#679,#680,#681,#682,#683,#684,#685,#686,#687,#688,#689,#690,
#691,#692,#693,#694,#695,#696,#697,#698,#699,#700,#701,#702,#703,#704,#705,
#706,#707,#708,#709,#710,#711,#712,#713,#714,#715,#716,#717,#718,#719,#720,
#721,#722,#723,#724,#725,#726,#727,#728,#729,#730,#731,#732,#733,#734,#735,
#736,#737,#738,#739,#740,#741,#742,#743,#744,#745,#746,#747,#748,#749,#750,
#751,#752,#753,#754,#755,#756,#757,#758,#759,#760,#761,#762,#763,#764,#765,
#766,#767,#768,#769,#770,#771,#772,#773,#774,#775,#776,#777,#778,#779,#780,
#781,#782,#783,#784,#785,#786,#787,#788,#789,#790,#791,#792,#793,#794,#795,
#796,#797,#798,#799,#800,#801,#802,#803,#804,#805,#806,#807,#808,#809,#810,
#811,#812,#813,#814,#815,#816,#817,#818,#819,#820,#821,#822,#823,#824,#825,
#826,#827,#828));
#42=SURFACE_OF_REVOLUTION('',#4292,#46);
#43=SURFACE_OF_REVOLUTION('',#4423,#47);
#44=SURFACE_OF_REVOLUTION('',#4447,#48);
#45=SURFACE_OF_REVOLUTION('',#4478,#49);
#46=AXIS1_PLACEMENT('',#9063,#6180);
#47=AXIS1_PLACEMENT('',#9389,#6484);
#48=AXIS1_PLACEMENT('',#9452,#6545);
#49=AXIS1_PLACEMENT('',#9567,#6641);
#50=ELLIPSE('',#5172,0.707106781186547,0.5);
#51=ELLIPSE('',#5173,0.707106781186548,0.5);
#52=ELLIPSE('',#5194,0.707106781186547,0.5);
#53=ELLIPSE('',#5195,0.707106781186547,0.5);
#54=TOROIDAL_SURFACE('',#5169,4.,0.5);
#55=TOROIDAL_SURFACE('',#5178,4.,0.5);
#56=TOROIDAL_SURFACE('',#5193,4.,0.5);
#57=TOROIDAL_SURFACE('',#5202,4.,0.5);
#58=TOROIDAL_SURFACE('',#5221,0.7,0.5);
#59=TOROIDAL_SURFACE('',#5229,0.7,0.5);
#60=TOROIDAL_SURFACE('',#5281,0.7,0.5);
#61=TOROIDAL_SURFACE('',#5285,0.7,0.5);
#62=(
BOUNDED_SURFACE()
B_SPLINE_SURFACE(1,4,((#7698,#7699,#7700,#7701,#7702,#7703,#7704,#7705,
#7706,#7707,#7708),(#7709,#7710,#7711,#7712,#7713,#7714,#7715,#7716,#7717,
#7718,#7719)),.UNSPECIFIED.,.F.,.F.,.F.)
B_SPLINE_SURFACE_WITH_KNOTS((2,2),(5,3,3,5),(0.,1.),(0.,0.333333333333333,
0.666666666666667,1.),.UNSPECIFIED.)
GEOMETRIC_REPRESENTATION_ITEM()
RATIONAL_B_SPLINE_SURFACE(((1.,1.,0.988033871712585,1.,1.,0.988033871712585,
1.,1.,0.988033871712585,1.,1.),(1.,1.,0.988033871712585,1.,1.,0.988033871712585,
1.,1.,0.988033871712585,1.,1.)))
REPRESENTATION_ITEM('')
SURFACE()
);
#63=(
BOUNDED_SURFACE()
B_SPLINE_SURFACE(1,4,((#7721,#7722,#7723,#7724,#7725,#7726,#7727,#7728,
#7729,#7730,#7731),(#7732,#7733,#7734,#7735,#7736,#7737,#7738,#7739,#7740,
#7741,#7742)),.UNSPECIFIED.,.F.,.F.,.F.)
B_SPLINE_SURFACE_WITH_KNOTS((2,2),(5,3,3,5),(0.,1.),(0.,0.333333333333333,
0.666666666666667,1.),.UNSPECIFIED.)
GEOMETRIC_REPRESENTATION_ITEM()
RATIONAL_B_SPLINE_SURFACE(((1.,1.,0.988033871712585,1.,1.,0.988033871712585,
1.,1.,0.988033871712585,1.,1.),(1.,1.,0.988033871712585,1.,1.,0.988033871712585,
1.,1.,0.988033871712585,1.,1.)))
REPRESENTATION_ITEM('')
SURFACE()
);
#64=(
BOUNDED_SURFACE()
B_SPLINE_SURFACE(2,4,((#7817,#7818,#7819,#7820,#7821,#7822,#7823,#7824,
#7825,#7826,#7827,#7828,#7829,#7830),(#7831,#7832,#7833,#7834,#7835,#7836,
#7837,#7838,#7839,#7840,#7841,#7842,#7843,#7844),(#7845,#7846,#7847,#7848,
#7849,#7850,#7851,#7852,#7853,#7854,#7855,#7856,#7857,#7858)),
 .UNSPECIFIED.,.F.,.F.,.F.)
B_SPLINE_SURFACE_WITH_KNOTS((3,3),(5,1,1,1,3,1,1,1,5),(0.,1.),(0.,0.124999999955351,
0.187499999933027,0.249999999910702,0.5,0.624999999866054,0.687499999888378,
0.749999999910703,1.),.UNSPECIFIED.)
GEOMETRIC_REPRESENTATION_ITEM()
RATIONAL_B_SPLINE_SURFACE(((1.0045075247149,1.0045075247149,0.999121704582735,
0.989247701007091,0.978476060742752,0.986554790941007,1.0045075247149,1.0045075247149,
0.999121704582735,0.989247701007091,0.978476060742752,0.986554790941007,
1.0045075247149,1.0045075247149),(0.923846655890521,0.923846655890521,0.918893311295373,
0.909812179537601,0.899905490347304,0.907335507240026,0.923846655890521,
0.923846655890521,0.918893311295373,0.909812179537601,0.899905490347304,
0.907335507240026,0.923846655890521,0.923846655890521),(1.0045075247149,
1.0045075247149,0.999121704582735,0.989247701007091,0.978476060742752,0.986554790941007,
1.0045075247149,1.0045075247149,0.999121704582735,0.989247701007091,0.978476060742752,
0.986554790941007,1.0045075247149,1.0045075247149)))
REPRESENTATION_ITEM('')
SURFACE()
);
#65=(
BOUNDED_SURFACE()
B_SPLINE_SURFACE(2,4,((#7875,#7876,#7877,#7878,#7879,#7880,#7881,#7882,
#7883,#7884,#7885,#7886,#7887,#7888),(#7889,#7890,#7891,#7892,#7893,#7894,
#7895,#7896,#7897,#7898,#7899,#7900,#7901,#7902),(#7903,#7904,#7905,#7906,
#7907,#7908,#7909,#7910,#7911,#7912,#7913,#7914,#7915,#7916)),
 .UNSPECIFIED.,.F.,.F.,.F.)
B_SPLINE_SURFACE_WITH_KNOTS((3,3),(5,1,1,1,3,1,1,1,5),(0.,1.),(0.,0.124999999955351,
0.187499999933027,0.249999999910702,0.5,0.624999999866054,0.687499999888378,
0.749999999910703,1.),.UNSPECIFIED.)
GEOMETRIC_REPRESENTATION_ITEM()
RATIONAL_B_SPLINE_SURFACE(((1.0045075247149,1.0045075247149,0.999121704582735,
0.989247701007091,0.978476060742752,0.986554790941007,1.0045075247149,1.0045075247149,
0.999121704582735,0.989247701007091,0.978476060742752,0.986554790941007,
1.0045075247149,1.0045075247149),(1.0045075247149,1.0045075247149,0.999121704582735,
0.989247701007091,0.978476060742752,0.986554790941007,1.0045075247149,1.0045075247149,
0.999121704582735,0.989247701007091,0.978476060742752,0.986554790941007,
1.0045075247149,1.0045075247149),(1.0045075247149,1.0045075247149,0.999121704582735,
0.989247701007091,0.978476060742752,0.986554790941007,1.0045075247149,1.0045075247149,
0.999121704582735,0.989247701007091,0.978476060742752,0.986554790941007,
1.0045075247149,1.0045075247149)))
REPRESENTATION_ITEM('')
SURFACE()
);
#66=(
BOUNDED_SURFACE()
B_SPLINE_SURFACE(2,4,((#7933,#7934,#7935,#7936,#7937,#7938,#7939,#7940,
#7941,#7942,#7943,#7944,#7945,#7946),(#7947,#7948,#7949,#7950,#7951,#7952,
#7953,#7954,#7955,#7956,#7957,#7958,#7959,#7960),(#7961,#7962,#7963,#7964,
#7965,#7966,#7967,#7968,#7969,#7970,#7971,#7972,#7973,#7974)),
 .UNSPECIFIED.,.F.,.F.,.F.)
B_SPLINE_SURFACE_WITH_KNOTS((3,3),(5,1,1,1,3,1,1,1,5),(0.,1.),(0.,0.124999999955351,
0.187499999933027,0.249999999910702,0.5,0.624999999866054,0.687499999888378,
0.749999999910703,1.),.UNSPECIFIED.)
GEOMETRIC_REPRESENTATION_ITEM()
RATIONAL_B_SPLINE_SURFACE(((1.0045075247149,1.0045075247149,0.999121704582735,
0.989247701007091,0.978476060742752,0.986554790941007,1.0045075247149,1.0045075247149,
0.999121704582735,0.989247701007091,0.978476060742752,0.986554790941007,
1.0045075247149,1.0045075247149),(0.791562731554216,0.791562731554216,0.787318647373075,
0.779537826374316,0.771049658012034,0.777415784283745,0.791562731554216,
0.791562731554216,0.787318647373075,0.779537826374316,0.771049658012034,
0.777415784283745,0.791562731554216,0.791562731554216),(1.0045075247149,
1.0045075247149,0.999121704582735,0.989247701007091,0.978476060742753,0.986554790941007,
1.0045075247149,1.0045075247149,0.999121704582735,0.989247701007091,0.978476060742753,
0.986554790941007,1.0045075247149,1.0045075247149)))
REPRESENTATION_ITEM('')
SURFACE()
);
#67=(
BOUNDED_SURFACE()
B_SPLINE_SURFACE(2,4,((#7991,#7992,#7993,#7994,#7995,#7996,#7997,#7998,
#7999,#8000,#8001,#8002,#8003,#8004),(#8005,#8006,#8007,#8008,#8009,#8010,
#8011,#8012,#8013,#8014,#8015,#8016,#8017,#8018),(#8019,#8020,#8021,#8022,
#8023,#8024,#8025,#8026,#8027,#8028,#8029,#8030,#8031,#8032)),
 .UNSPECIFIED.,.F.,.F.,.F.)
B_SPLINE_SURFACE_WITH_KNOTS((3,3),(5,1,1,1,3,1,1,1,5),(0.,1.),(0.,0.124999999955351,
0.187499999933027,0.249999999910702,0.5,0.624999999866054,0.687499999888378,
0.749999999910703,1.),.UNSPECIFIED.)
GEOMETRIC_REPRESENTATION_ITEM()
RATIONAL_B_SPLINE_SURFACE(((1.0045075247149,1.0045075247149,0.999121704582735,
0.989247701007091,0.978476060742752,0.986554790941007,1.0045075247149,1.0045075247149,
0.999121704582735,0.989247701007091,0.978476060742752,0.986554790941007,
1.0045075247149,1.0045075247149),(1.0045075247149,1.0045075247149,0.999121704582735,
0.989247701007091,0.978476060742752,0.986554790941007,1.0045075247149,1.0045075247149,
0.999121704582735,0.989247701007091,0.978476060742753,0.986554790941007,
1.0045075247149,1.0045075247149),(1.0045075247149,1.0045075247149,0.999121704582735,
0.989247701007091,0.978476060742752,0.986554790941007,1.0045075247149,1.0045075247149,
0.999121704582735,0.989247701007091,0.978476060742753,0.986554790941007,
1.0045075247149,1.0045075247149)))
REPRESENTATION_ITEM('')
SURFACE()
);
#68=(
BOUNDED_SURFACE()
B_SPLINE_SURFACE(2,4,((#8049,#8050,#8051,#8052,#8053,#8054,#8055,#8056,
#8057,#8058,#8059,#8060,#8061,#8062),(#8063,#8064,#8065,#8066,#8067,#8068,
#8069,#8070,#8071,#8072,#8073,#8074,#8075,#8076),(#8077,#8078,#8079,#8080,
#8081,#8082,#8083,#8084,#8085,#8086,#8087,#8088,#8089,#8090)),
 .UNSPECIFIED.,.F.,.F.,.F.)
B_SPLINE_SURFACE_WITH_KNOTS((3,3),(5,1,1,1,3,1,1,1,5),(0.,1.),(0.,0.124999999955351,
0.187499999933027,0.249999999910702,0.5,0.624999999866054,0.687499999888378,
0.749999999910703,1.),.UNSPECIFIED.)
GEOMETRIC_REPRESENTATION_ITEM()
RATIONAL_B_SPLINE_SURFACE(((1.0045075247149,1.0045075247149,0.999121704582735,
0.989247701007091,0.978476060742752,0.986554790941007,1.0045075247149,1.0045075247149,
0.999121704582735,0.989247701007091,0.978476060742752,0.986554790941007,
1.0045075247149,1.0045075247149),(0.791562731554215,0.791562731554214,0.787318647373073,
0.779537826374315,0.771049658012033,0.777415784283744,0.791562731554214,
0.791562731554214,0.787318647373073,0.779537826374315,0.771049658012032,
0.777415784283744,0.791562731554214,0.791562731554215),(1.0045075247149,
1.0045075247149,0.999121704582735,0.989247701007091,0.978476060742752,0.986554790941006,
1.0045075247149,1.0045075247149,0.999121704582735,0.989247701007091,0.978476060742752,
0.986554790941006,1.0045075247149,1.0045075247149)))
REPRESENTATION_ITEM('')
SURFACE()
);
#69=(
BOUNDED_SURFACE()
B_SPLINE_SURFACE(2,4,((#8107,#8108,#8109,#8110,#8111,#8112,#8113,#8114,
#8115,#8116,#8117,#8118,#8119,#8120),(#8121,#8122,#8123,#8124,#8125,#8126,
#8127,#8128,#8129,#8130,#8131,#8132,#8133,#8134),(#8135,#8136,#8137,#8138,
#8139,#8140,#8141,#8142,#8143,#8144,#8145,#8146,#8147,#8148)),
 .UNSPECIFIED.,.F.,.F.,.F.)
B_SPLINE_SURFACE_WITH_KNOTS((3,3),(5,1,1,1,3,1,1,1,5),(0.,1.),(0.,0.124999999955351,
0.187499999933027,0.249999999910702,0.5,0.624999999866054,0.687499999888378,
0.749999999910703,1.),.UNSPECIFIED.)
GEOMETRIC_REPRESENTATION_ITEM()
RATIONAL_B_SPLINE_SURFACE(((1.0045075247149,1.0045075247149,0.999121704582735,
0.989247701007091,0.978476060742752,0.986554790941007,1.0045075247149,1.0045075247149,
0.999121704582735,0.989247701007091,0.978476060742752,0.986554790941007,
1.0045075247149,1.0045075247149),(1.0045075247149,1.0045075247149,0.999121704582735,
0.989247701007091,0.978476060742752,0.986554790941007,1.0045075247149,1.0045075247149,
0.999121704582735,0.989247701007091,0.978476060742752,0.986554790941007,
1.0045075247149,1.0045075247149),(1.0045075247149,1.0045075247149,0.999121704582735,
0.989247701007091,0.978476060742752,0.986554790941007,1.0045075247149,1.0045075247149,
0.999121704582735,0.989247701007091,0.978476060742752,0.986554790941007,
1.0045075247149,1.0045075247149)))
REPRESENTATION_ITEM('')
SURFACE()
);
#70=(
BOUNDED_SURFACE()
B_SPLINE_SURFACE(2,4,((#8150,#8151,#8152,#8153,#8154,#8155,#8156,#8157,
#8158,#8159,#8160,#8161,#8162,#8163),(#8164,#8165,#8166,#8167,#8168,#8169,
#8170,#8171,#8172,#8173,#8174,#8175,#8176,#8177),(#8178,#8179,#8180,#8181,
#8182,#8183,#8184,#8185,#8186,#8187,#8188,#8189,#8190,#8191)),
 .UNSPECIFIED.,.F.,.F.,.F.)
B_SPLINE_SURFACE_WITH_KNOTS((3,3),(5,1,1,1,3,1,1,1,5),(0.,1.),(0.,0.124999999955351,
0.187499999933027,0.249999999910702,0.5,0.624999999866054,0.687499999888378,
0.749999999910703,1.),.UNSPECIFIED.)
GEOMETRIC_REPRESENTATION_ITEM()
RATIONAL_B_SPLINE_SURFACE(((1.0045075247149,1.0045075247149,0.999121704582735,
0.989247701007091,0.978476060742752,0.986554790941007,1.0045075247149,1.0045075247149,
0.999121704582735,0.989247701007091,0.978476060742752,0.986554790941007,
1.0045075247149,1.0045075247149),(0.923846655890542,0.923846655890542,0.918893311295393,
0.909812179537621,0.899905490347323,0.907335507240046,0.923846655890542,
0.923846655890542,0.918893311295393,0.909812179537621,0.899905490347323,
0.907335507240046,0.923846655890542,0.923846655890542),(1.0045075247149,
1.0045075247149,0.999121704582735,0.989247701007091,0.978476060742752,0.986554790941007,
1.0045075247149,1.0045075247149,0.999121704582735,0.989247701007091,0.978476060742752,
0.986554790941007,1.0045075247149,1.0045075247149)))
REPRESENTATION_ITEM('')
SURFACE()
);
#71=(
BOUNDED_SURFACE()
B_SPLINE_SURFACE(2,4,((#8217,#8218,#8219,#8220,#8221,#8222,#8223,#8224),
(#8225,#8226,#8227,#8228,#8229,#8230,#8231,#8232),(#8233,#8234,#8235,#8236,
#8237,#8238,#8239,#8240)),.UNSPECIFIED.,.F.,.F.,.F.)
B_SPLINE_SURFACE_WITH_KNOTS((3,3),(5,3,5),(0.,1.),(0.,0.666666666666667,
1.),.UNSPECIFIED.)
GEOMETRIC_REPRESENTATION_ITEM()
RATIONAL_B_SPLINE_SURFACE(((1.0045075247149,1.0045075247149,0.992487458808492,
1.0045075247149,1.0045075247149,1.0015025082383,1.,1.),(0.923846655890521,
0.923846655890521,0.912791788288236,0.923846655890521,0.923846655890521,
0.92108293898995,0.919701080539664,0.919701080539664),(1.0045075247149,
1.0045075247149,0.992487458808492,1.0045075247149,1.0045075247149,1.0015025082383,
1.,1.)))
REPRESENTATION_ITEM('')
SURFACE()
);
#72=(
BOUNDED_SURFACE()
B_SPLINE_SURFACE(2,4,((#8261,#8262,#8263,#8264,#8265,#8266,#8267,#8268),
(#8269,#8270,#8271,#8272,#8273,#8274,#8275,#8276),(#8277,#8278,#8279,#8280,
#8281,#8282,#8283,#8284)),.UNSPECIFIED.,.F.,.F.,.F.)
B_SPLINE_SURFACE_WITH_KNOTS((3,3),(5,3,5),(0.,1.),(0.,0.333333333333333,
1.),.UNSPECIFIED.)
GEOMETRIC_REPRESENTATION_ITEM()
RATIONAL_B_SPLINE_SURFACE(((1.,1.,1.0015025082383,1.0045075247149,1.0045075247149,
0.992487458808492,1.0045075247149,1.0045075247149),(0.919701080539664,0.919701080539664,
0.92108293898995,0.923846655890521,0.923846655890521,0.912791788288236,
0.923846655890521,0.923846655890521),(1.,1.,1.0015025082383,1.0045075247149,
1.0045075247149,0.992487458808492,1.0045075247149,1.0045075247149)))
REPRESENTATION_ITEM('')
SURFACE()
);
#73=(
BOUNDED_SURFACE()
B_SPLINE_SURFACE(2,4,((#8295,#8296,#8297,#8298,#8299,#8300,#8301,#8302),
(#8303,#8304,#8305,#8306,#8307,#8308,#8309,#8310),(#8311,#8312,#8313,#8314,
#8315,#8316,#8317,#8318)),.UNSPECIFIED.,.F.,.F.,.F.)
B_SPLINE_SURFACE_WITH_KNOTS((3,3),(5,3,5),(0.,1.),(0.,0.666666666666667,
1.),.UNSPECIFIED.)
GEOMETRIC_REPRESENTATION_ITEM()
RATIONAL_B_SPLINE_SURFACE(((1.0045075247149,1.0045075247149,0.992487458808492,
1.0045075247149,1.0045075247149,1.0015025082383,1.,1.),(1.0045075247149,
1.0045075247149,0.992487458808492,1.0045075247149,1.0045075247149,1.0015025082383,
1.,1.),(1.0045075247149,1.0045075247149,0.992487458808492,1.0045075247149,
1.0045075247149,1.0015025082383,1.,1.)))
REPRESENTATION_ITEM('')
SURFACE()
);
#74=(
BOUNDED_SURFACE()
B_SPLINE_SURFACE(2,4,((#8331,#8332,#8333,#8334,#8335,#8336,#8337,#8338),
(#8339,#8340,#8341,#8342,#8343,#8344,#8345,#8346),(#8347,#8348,#8349,#8350,
#8351,#8352,#8353,#8354)),.UNSPECIFIED.,.F.,.F.,.F.)
B_SPLINE_SURFACE_WITH_KNOTS((3,3),(5,3,5),(0.,1.),(0.,0.333333333333333,
1.),.UNSPECIFIED.)
GEOMETRIC_REPRESENTATION_ITEM()
RATIONAL_B_SPLINE_SURFACE(((1.,1.,1.0015025082383,1.0045075247149,1.0045075247149,
0.992487458808492,1.0045075247149,1.0045075247149),(1.,1.,1.0015025082383,
1.0045075247149,1.0045075247149,0.992487458808492,1.0045075247149,1.0045075247149),
(1.,1.,1.0015025082383,1.0045075247149,1.0045075247149,0.992487458808492,
1.0045075247149,1.0045075247149)))
REPRESENTATION_ITEM('')
SURFACE()
);
#75=(
BOUNDED_SURFACE()
B_SPLINE_SURFACE(2,4,((#8365,#8366,#8367,#8368,#8369,#8370,#8371,#8372),
(#8373,#8374,#8375,#8376,#8377,#8378,#8379,#8380),(#8381,#8382,#8383,#8384,
#8385,#8386,#8387,#8388)),.UNSPECIFIED.,.F.,.F.,.F.)
B_SPLINE_SURFACE_WITH_KNOTS((3,3),(5,3,5),(0.,1.),(0.,0.666666666666667,
1.),.UNSPECIFIED.)
GEOMETRIC_REPRESENTATION_ITEM()
RATIONAL_B_SPLINE_SURFACE(((1.0045075247149,1.0045075247149,0.992487458808492,
1.0045075247149,1.0045075247149,1.0015025082383,1.,1.),(0.791562731554216,
0.791562731554216,0.782090790360901,0.791562731554216,0.791562731554216,
0.789194746255887,0.788010753606723,0.788010753606723),(1.0045075247149,
1.0045075247149,0.992487458808492,1.0045075247149,1.0045075247149,1.0015025082383,
1.,1.)))
REPRESENTATION_ITEM('')
SURFACE()
);
#76=(
BOUNDED_SURFACE()
B_SPLINE_SURFACE(2,4,((#8401,#8402,#8403,#8404,#8405,#8406,#8407,#8408),
(#8409,#8410,#8411,#8412,#8413,#8414,#8415,#8416),(#8417,#8418,#8419,#8420,
#8421,#8422,#8423,#8424)),.UNSPECIFIED.,.F.,.F.,.F.)
B_SPLINE_SURFACE_WITH_KNOTS((3,3),(5,3,5),(0.,1.),(0.,0.333333333333333,
1.),.UNSPECIFIED.)
GEOMETRIC_REPRESENTATION_ITEM()
RATIONAL_B_SPLINE_SURFACE(((1.,1.,1.0015025082383,1.0045075247149,1.0045075247149,
0.992487458808492,1.0045075247149,1.0045075247149),(0.788010753606723,0.788010753606723,
0.789194746255887,0.791562731554216,0.791562731554216,0.782090790360901,
0.791562731554216,0.791562731554216),(1.,1.,1.0015025082383,1.0045075247149,
1.0045075247149,0.992487458808492,1.0045075247149,1.0045075247149)))
REPRESENTATION_ITEM('')
SURFACE()
);
#77=(
BOUNDED_SURFACE()
B_SPLINE_SURFACE(2,4,((#8435,#8436,#8437,#8438,#8439,#8440,#8441,#8442),
(#8443,#8444,#8445,#8446,#8447,#8448,#8449,#8450),(#8451,#8452,#8453,#8454,
#8455,#8456,#8457,#8458)),.UNSPECIFIED.,.F.,.F.,.F.)
B_SPLINE_SURFACE_WITH_KNOTS((3,3),(5,3,5),(0.,1.),(0.,0.666666666666667,
1.),.UNSPECIFIED.)
GEOMETRIC_REPRESENTATION_ITEM()
RATIONAL_B_SPLINE_SURFACE(((1.0045075247149,1.0045075247149,0.992487458808492,
1.0045075247149,1.0045075247149,1.0015025082383,1.,1.),(1.0045075247149,
1.0045075247149,0.992487458808492,1.0045075247149,1.0045075247149,1.0015025082383,
1.,1.),(1.0045075247149,1.0045075247149,0.992487458808492,1.0045075247149,
1.0045075247149,1.0015025082383,1.,1.)))
REPRESENTATION_ITEM('')
SURFACE()
);
#78=(
BOUNDED_SURFACE()
B_SPLINE_SURFACE(2,4,((#8471,#8472,#8473,#8474,#8475,#8476,#8477,#8478),
(#8479,#8480,#8481,#8482,#8483,#8484,#8485,#8486),(#8487,#8488,#8489,#8490,
#8491,#8492,#8493,#8494)),.UNSPECIFIED.,.F.,.F.,.F.)
B_SPLINE_SURFACE_WITH_KNOTS((3,3),(5,3,5),(0.,1.),(0.,0.333333333333333,
1.),.UNSPECIFIED.)
GEOMETRIC_REPRESENTATION_ITEM()
RATIONAL_B_SPLINE_SURFACE(((1.,1.,1.0015025082383,1.0045075247149,1.0045075247149,
0.992487458808492,1.0045075247149,1.0045075247149),(1.,1.,1.0015025082383,
1.0045075247149,1.0045075247149,0.992487458808492,1.0045075247149,1.0045075247149),
(1.,1.,1.0015025082383,1.0045075247149,1.0045075247149,0.992487458808492,
1.0045075247149,1.0045075247149)))
REPRESENTATION_ITEM('')
SURFACE()
);
#79=(
BOUNDED_SURFACE()
B_SPLINE_SURFACE(2,4,((#8505,#8506,#8507,#8508,#8509,#8510,#8511,#8512),
(#8513,#8514,#8515,#8516,#8517,#8518,#8519,#8520),(#8521,#8522,#8523,#8524,
#8525,#8526,#8527,#8528)),.UNSPECIFIED.,.F.,.F.,.F.)
B_SPLINE_SURFACE_WITH_KNOTS((3,3),(5,3,5),(0.,1.),(0.,0.666666666666667,
1.),.UNSPECIFIED.)
GEOMETRIC_REPRESENTATION_ITEM()
RATIONAL_B_SPLINE_SURFACE(((1.0045075247149,1.0045075247149,0.992487458808492,
1.0045075247149,1.0045075247149,1.0015025082383,1.,1.),(0.791562731554214,
0.791562731554214,0.7820907903609,0.791562731554214,0.791562731554214,0.789194746255886,
0.788010753606721,0.788010753606721),(1.0045075247149,1.0045075247149,0.992487458808492,
1.0045075247149,1.0045075247149,1.0015025082383,1.,1.)))
REPRESENTATION_ITEM('')
SURFACE()
);
#80=(
BOUNDED_SURFACE()
B_SPLINE_SURFACE(2,4,((#8541,#8542,#8543,#8544,#8545,#8546,#8547,#8548),
(#8549,#8550,#8551,#8552,#8553,#8554,#8555,#8556),(#8557,#8558,#8559,#8560,
#8561,#8562,#8563,#8564)),.UNSPECIFIED.,.F.,.F.,.F.)
B_SPLINE_SURFACE_WITH_KNOTS((3,3),(5,3,5),(0.,1.),(0.,0.333333333333333,
1.),.UNSPECIFIED.)
GEOMETRIC_REPRESENTATION_ITEM()
RATIONAL_B_SPLINE_SURFACE(((1.,1.,1.0015025082383,1.0045075247149,1.0045075247149,
0.992487458808492,1.0045075247149,1.0045075247149),(0.788010753606721,0.788010753606721,
0.789194746255886,0.791562731554214,0.791562731554214,0.7820907903609,0.791562731554214,
0.791562731554214),(1.,1.,1.0015025082383,1.0045075247149,1.0045075247149,
0.992487458808492,1.0045075247149,1.0045075247149)))
REPRESENTATION_ITEM('')
SURFACE()
);
#81=(
BOUNDED_SURFACE()
B_SPLINE_SURFACE(2,4,((#8575,#8576,#8577,#8578,#8579,#8580,#8581,#8582),
(#8583,#8584,#8585,#8586,#8587,#8588,#8589,#8590),(#8591,#8592,#8593,#8594,
#8595,#8596,#8597,#8598)),.UNSPECIFIED.,.F.,.F.,.F.)
B_SPLINE_SURFACE_WITH_KNOTS((3,3),(5,3,5),(0.,1.),(0.,0.666666666666667,
1.),.UNSPECIFIED.)
GEOMETRIC_REPRESENTATION_ITEM()
RATIONAL_B_SPLINE_SURFACE(((1.0045075247149,1.0045075247149,0.992487458808492,
1.0045075247149,1.0045075247149,1.0015025082383,1.,1.),(1.0045075247149,
1.0045075247149,0.992487458808492,1.0045075247149,1.0045075247149,1.0015025082383,
1.,1.),(1.0045075247149,1.0045075247149,0.992487458808492,1.0045075247149,
1.0045075247149,1.0015025082383,1.,1.)))
REPRESENTATION_ITEM('')
SURFACE()
);
#82=(
BOUNDED_SURFACE()
B_SPLINE_SURFACE(2,4,((#8609,#8610,#8611,#8612,#8613,#8614,#8615,#8616),
(#8617,#8618,#8619,#8620,#8621,#8622,#8623,#8624),(#8625,#8626,#8627,#8628,
#8629,#8630,#8631,#8632)),.UNSPECIFIED.,.F.,.F.,.F.)
B_SPLINE_SURFACE_WITH_KNOTS((3,3),(5,3,5),(0.,1.),(0.,0.333333333333333,
1.),.UNSPECIFIED.)
GEOMETRIC_REPRESENTATION_ITEM()
RATIONAL_B_SPLINE_SURFACE(((1.,1.,1.0015025082383,1.0045075247149,1.0045075247149,
0.992487458808492,1.0045075247149,1.0045075247149),(1.,1.,1.0015025082383,
1.0045075247149,1.0045075247149,0.992487458808492,1.0045075247149,1.0045075247149),
(1.,1.,1.0015025082383,1.0045075247149,1.0045075247149,0.992487458808492,
1.0045075247149,1.0045075247149)))
REPRESENTATION_ITEM('')
SURFACE()
);
#83=(
BOUNDED_SURFACE()
B_SPLINE_SURFACE(2,4,((#8634,#8635,#8636,#8637,#8638,#8639,#8640,#8641),
(#8642,#8643,#8644,#8645,#8646,#8647,#8648,#8649),(#8650,#8651,#8652,#8653,
#8654,#8655,#8656,#8657)),.UNSPECIFIED.,.F.,.F.,.F.)
B_SPLINE_SURFACE_WITH_KNOTS((3,3),(5,3,5),(0.,1.),(0.,0.666666666666667,
1.),.UNSPECIFIED.)
GEOMETRIC_REPRESENTATION_ITEM()
RATIONAL_B_SPLINE_SURFACE(((1.0045075247149,1.0045075247149,0.992487458808492,
1.0045075247149,1.0045075247149,1.0015025082383,1.,1.),(0.923846655890542,
0.923846655890542,0.912791788288256,0.923846655890542,0.923846655890542,
0.92108293898997,0.919701080539685,0.919701080539685),(1.0045075247149,
1.0045075247149,0.992487458808492,1.0045075247149,1.0045075247149,1.0015025082383,
1.,1.)))
REPRESENTATION_ITEM('')
SURFACE()
);
#84=(
BOUNDED_SURFACE()
B_SPLINE_SURFACE(2,4,((#8658,#8659,#8660,#8661,#8662,#8663,#8664,#8665),
(#8666,#8667,#8668,#8669,#8670,#8671,#8672,#8673),(#8674,#8675,#8676,#8677,
#8678,#8679,#8680,#8681)),.UNSPECIFIED.,.F.,.F.,.F.)
B_SPLINE_SURFACE_WITH_KNOTS((3,3),(5,3,5),(0.,1.),(0.,0.333333333333333,
1.),.UNSPECIFIED.)
GEOMETRIC_REPRESENTATION_ITEM()
RATIONAL_B_SPLINE_SURFACE(((1.,1.,1.0015025082383,1.0045075247149,1.0045075247149,
0.992487458808492,1.0045075247149,1.0045075247149),(0.919701080539685,0.919701080539685,
0.92108293898997,0.923846655890542,0.923846655890542,0.912791788288256,
0.923846655890542,0.923846655890542),(1.,1.,1.0015025082383,1.0045075247149,
1.0045075247149,0.992487458808492,1.0045075247149,1.0045075247149)))
REPRESENTATION_ITEM('')
SURFACE()
);
#85=(
BOUNDED_CURVE()
B_SPLINE_CURVE(4,(#7164,#7165,#7166,#7167,#7168,#7169,#7170,#7171),
 .UNSPECIFIED.,.F.,.F.)
B_SPLINE_CURVE_WITH_KNOTS((5,3,5),(0.,0.666666666666667,1.),
 .UNSPECIFIED.)
CURVE()
GEOMETRIC_REPRESENTATION_ITEM()
RATIONAL_B_SPLINE_CURVE((1.0045075247149,1.0045075247149,0.992487458808492,
1.0045075247149,1.0045075247149,1.0015025082383,1.,1.))
REPRESENTATION_ITEM('')
);
#86=(
BOUNDED_CURVE()
B_SPLINE_CURVE(4,(#7176,#7177,#7178,#7179,#7180,#7181,#7182,#7183,#7184,
#7185,#7186,#7187,#7188,#7189),.UNSPECIFIED.,.F.,.F.)
B_SPLINE_CURVE_WITH_KNOTS((5,1,1,1,3,1,1,1,5),(0.,0.124999999955351,0.187499999933027,
0.249999999910702,0.5,0.624999999866054,0.687499999888378,0.749999999910703,
1.),.UNSPECIFIED.)
CURVE()
GEOMETRIC_REPRESENTATION_ITEM()
RATIONAL_B_SPLINE_CURVE((1.0045075247149,1.0045075247149,0.999121704582735,
0.989247701007091,0.978476060742752,0.986554790941007,1.0045075247149,1.0045075247149,
0.999121704582735,0.989247701007091,0.978476060742752,0.986554790941007,
1.0045075247149,1.0045075247149))
REPRESENTATION_ITEM('')
);
#87=(
BOUNDED_CURVE()
B_SPLINE_CURVE(4,(#7193,#7194,#7195,#7196,#7197,#7198,#7199,#7200),
 .UNSPECIFIED.,.F.,.F.)
B_SPLINE_CURVE_WITH_KNOTS((5,3,5),(0.,0.333333333333333,1.),
 .UNSPECIFIED.)
CURVE()
GEOMETRIC_REPRESENTATION_ITEM()
RATIONAL_B_SPLINE_CURVE((1.,1.,1.0015025082383,1.0045075247149,1.0045075247149,
0.992487458808492,1.0045075247149,1.0045075247149))
REPRESENTATION_ITEM('')
);
#88=(
BOUNDED_CURVE()
B_SPLINE_CURVE(4,(#7201,#7202,#7203,#7204,#7205,#7206,#7207,#7208,#7209,
#7210,#7211),.UNSPECIFIED.,.F.,.F.)
B_SPLINE_CURVE_WITH_KNOTS((5,3,3,5),(0.,0.333333333333333,0.666666666666667,
1.),.UNSPECIFIED.)
CURVE()
GEOMETRIC_REPRESENTATION_ITEM()
RATIONAL_B_SPLINE_CURVE((1.,1.,0.988033871712585,1.,1.,0.988033871712585,
1.,1.,0.988033871712585,1.,1.))
REPRESENTATION_ITEM('')
);
#89=(
BOUNDED_CURVE()
B_SPLINE_CURVE(4,(#7214,#7215,#7216,#7217,#7218,#7219,#7220,#7221,#7222,
#7223,#7224),.UNSPECIFIED.,.F.,.F.)
B_SPLINE_CURVE_WITH_KNOTS((5,3,3,5),(0.,0.333333333333333,0.666666666666667,
1.),.UNSPECIFIED.)
CURVE()
GEOMETRIC_REPRESENTATION_ITEM()
RATIONAL_B_SPLINE_CURVE((1.,1.,0.988033871712585,1.,1.,0.988033871712585,
1.,1.,0.988033871712585,1.,1.))
REPRESENTATION_ITEM('')
);
#90=(
BOUNDED_CURVE()
B_SPLINE_CURVE(4,(#7789,#7790,#7791,#7792,#7793,#7794,#7795,#7796,#7797,
#7798,#7799,#7800,#7801,#7802),.UNSPECIFIED.,.F.,.F.)
B_SPLINE_CURVE_WITH_KNOTS((5,1,1,1,3,1,1,1,5),(0.,0.124999999955351,0.187499999933027,
0.249999999910702,0.5,0.624999999866054,0.687499999888378,0.749999999910703,
1.),.UNSPECIFIED.)
CURVE()
GEOMETRIC_REPRESENTATION_ITEM()
RATIONAL_B_SPLINE_CURVE((1.0045075247149,1.0045075247149,0.999121704582735,
0.989247701007091,0.978476060742752,0.986554790941007,1.0045075247149,1.0045075247149,
0.999121704582735,0.989247701007091,0.978476060742752,0.986554790941007,
1.0045075247149,1.0045075247149))
REPRESENTATION_ITEM('')
);
#91=(
BOUNDED_CURVE()
B_SPLINE_CURVE(4,(#7803,#7804,#7805,#7806,#7807,#7808,#7809,#7810,#7811,
#7812,#7813,#7814,#7815,#7816),.UNSPECIFIED.,.F.,.F.)
B_SPLINE_CURVE_WITH_KNOTS((5,1,1,1,3,1,1,1,5),(0.,0.124999999955351,0.187499999933027,
0.249999999910702,0.5,0.624999999866054,0.687499999888378,0.749999999910703,
1.),.UNSPECIFIED.)
CURVE()
GEOMETRIC_REPRESENTATION_ITEM()
RATIONAL_B_SPLINE_CURVE((1.0045075247149,1.0045075247149,0.999121704582735,
0.989247701007091,0.978476060742752,0.986554790941007,1.0045075247149,1.0045075247149,
0.999121704582735,0.989247701007091,0.978476060742752,0.986554790941007,
1.0045075247149,1.0045075247149))
REPRESENTATION_ITEM('')
);
#92=(
BOUNDED_CURVE()
B_SPLINE_CURVE(4,(#7861,#7862,#7863,#7864,#7865,#7866,#7867,#7868,#7869,
#7870,#7871,#7872,#7873,#7874),.UNSPECIFIED.,.F.,.F.)
B_SPLINE_CURVE_WITH_KNOTS((5,1,1,1,3,1,1,1,5),(0.,0.124999999955351,0.187499999933027,
0.249999999910702,0.5,0.624999999866054,0.687499999888378,0.749999999910703,
1.),.UNSPECIFIED.)
CURVE()
GEOMETRIC_REPRESENTATION_ITEM()
RATIONAL_B_SPLINE_CURVE((1.0045075247149,1.0045075247149,0.999121704582735,
0.989247701007091,0.978476060742753,0.986554790941007,1.0045075247149,1.0045075247149,
0.999121704582735,0.989247701007091,0.978476060742753,0.986554790941007,
1.0045075247149,1.0045075247149))
REPRESENTATION_ITEM('')
);
#93=(
BOUNDED_CURVE()
B_SPLINE_CURVE(4,(#7919,#7920,#7921,#7922,#7923,#7924,#7925,#7926,#7927,
#7928,#7929,#7930,#7931,#7932),.UNSPECIFIED.,.F.,.F.)
B_SPLINE_CURVE_WITH_KNOTS((5,1,1,1,3,1,1,1,5),(0.,0.124999999955351,0.187499999933027,
0.249999999910702,0.5,0.624999999866054,0.687499999888378,0.749999999910703,
1.),.UNSPECIFIED.)
CURVE()
GEOMETRIC_REPRESENTATION_ITEM()
RATIONAL_B_SPLINE_CURVE((1.0045075247149,1.0045075247149,0.999121704582735,
0.989247701007091,0.978476060742752,0.986554790941007,1.0045075247149,1.0045075247149,
0.999121704582735,0.989247701007091,0.978476060742753,0.986554790941007,
1.0045075247149,1.0045075247149))
REPRESENTATION_ITEM('')
);
#94=(
BOUNDED_CURVE()
B_SPLINE_CURVE(4,(#7977,#7978,#7979,#7980,#7981,#7982,#7983,#7984,#7985,
#7986,#7987,#7988,#7989,#7990),.UNSPECIFIED.,.F.,.F.)
B_SPLINE_CURVE_WITH_KNOTS((5,1,1,1,3,1,1,1,5),(0.,0.124999999955351,0.187499999933027,
0.249999999910702,0.5,0.624999999866054,0.687499999888378,0.749999999910703,
1.),.UNSPECIFIED.)
CURVE()
GEOMETRIC_REPRESENTATION_ITEM()
RATIONAL_B_SPLINE_CURVE((1.0045075247149,1.0045075247149,0.999121704582735,
0.989247701007091,0.978476060742752,0.986554790941006,1.0045075247149,1.0045075247149,
0.999121704582735,0.989247701007091,0.978476060742752,0.986554790941006,
1.0045075247149,1.0045075247149))
REPRESENTATION_ITEM('')
);
#95=(
BOUNDED_CURVE()
B_SPLINE_CURVE(4,(#8035,#8036,#8037,#8038,#8039,#8040,#8041,#8042,#8043,
#8044,#8045,#8046,#8047,#8048),.UNSPECIFIED.,.F.,.F.)
B_SPLINE_CURVE_WITH_KNOTS((5,1,1,1,3,1,1,1,5),(0.,0.124999999955351,0.187499999933027,
0.249999999910702,0.5,0.624999999866054,0.687499999888378,0.749999999910703,
1.),.UNSPECIFIED.)
CURVE()
GEOMETRIC_REPRESENTATION_ITEM()
RATIONAL_B_SPLINE_CURVE((1.0045075247149,1.0045075247149,0.999121704582735,
0.989247701007091,0.978476060742752,0.986554790941007,1.0045075247149,1.0045075247149,
0.999121704582735,0.989247701007091,0.978476060742752,0.986554790941007,
1.0045075247149,1.0045075247149))
REPRESENTATION_ITEM('')
);
#96=(
BOUNDED_CURVE()
B_SPLINE_CURVE(4,(#8093,#8094,#8095,#8096,#8097,#8098,#8099,#8100,#8101,
#8102,#8103,#8104,#8105,#8106),.UNSPECIFIED.,.F.,.F.)
B_SPLINE_CURVE_WITH_KNOTS((5,1,1,1,3,1,1,1,5),(0.,0.124999999955351,0.187499999933027,
0.249999999910702,0.5,0.624999999866054,0.687499999888378,0.749999999910703,
1.),.UNSPECIFIED.)
CURVE()
GEOMETRIC_REPRESENTATION_ITEM()
RATIONAL_B_SPLINE_CURVE((1.0045075247149,1.0045075247149,0.999121704582735,
0.989247701007091,0.978476060742752,0.986554790941007,1.0045075247149,1.0045075247149,
0.999121704582735,0.989247701007091,0.978476060742752,0.986554790941007,
1.0045075247149,1.0045075247149))
REPRESENTATION_ITEM('')
);
#97=(
BOUNDED_CURVE()
B_SPLINE_CURVE(4,(#8198,#8199,#8200,#8201,#8202,#8203,#8204,#8205),
 .UNSPECIFIED.,.F.,.F.)
B_SPLINE_CURVE_WITH_KNOTS((5,3,5),(0.,0.666666666666667,1.),
 .UNSPECIFIED.)
CURVE()
GEOMETRIC_REPRESENTATION_ITEM()
RATIONAL_B_SPLINE_CURVE((1.0045075247149,1.0045075247149,0.992487458808492,
1.0045075247149,1.0045075247149,1.0015025082383,1.,1.))
REPRESENTATION_ITEM('')
);
#98=(
BOUNDED_CURVE()
B_SPLINE_CURVE(4,(#8209,#8210,#8211,#8212,#8213,#8214,#8215,#8216),
 .UNSPECIFIED.,.F.,.F.)
B_SPLINE_CURVE_WITH_KNOTS((5,3,5),(0.,0.666666666666667,1.),
 .UNSPECIFIED.)
CURVE()
GEOMETRIC_REPRESENTATION_ITEM()
RATIONAL_B_SPLINE_CURVE((1.0045075247149,1.0045075247149,0.992487458808492,
1.0045075247149,1.0045075247149,1.0015025082383,1.,1.))
REPRESENTATION_ITEM('')
);
#99=(
BOUNDED_CURVE()
B_SPLINE_CURVE(4,(#8245,#8246,#8247,#8248,#8249,#8250,#8251,#8252),
 .UNSPECIFIED.,.F.,.F.)
B_SPLINE_CURVE_WITH_KNOTS((5,3,5),(0.,0.333333333333333,1.),
 .UNSPECIFIED.)
CURVE()
GEOMETRIC_REPRESENTATION_ITEM()
RATIONAL_B_SPLINE_CURVE((1.,1.,1.0015025082383,1.0045075247149,1.0045075247149,
0.992487458808492,1.0045075247149,1.0045075247149))
REPRESENTATION_ITEM('')
);
#100=(
BOUNDED_CURVE()
B_SPLINE_CURVE(4,(#8253,#8254,#8255,#8256,#8257,#8258,#8259,#8260),
 .UNSPECIFIED.,.F.,.F.)
B_SPLINE_CURVE_WITH_KNOTS((5,3,5),(0.,0.333333333333333,1.),
 .UNSPECIFIED.)
CURVE()
GEOMETRIC_REPRESENTATION_ITEM()
RATIONAL_B_SPLINE_CURVE((1.,1.,1.0015025082383,1.0045075247149,1.0045075247149,
0.992487458808492,1.0045075247149,1.0045075247149))
REPRESENTATION_ITEM('')
);
#101=(
BOUNDED_CURVE()
B_SPLINE_CURVE(4,(#8285,#8286,#8287,#8288,#8289,#8290,#8291,#8292),
 .UNSPECIFIED.,.F.,.F.)
B_SPLINE_CURVE_WITH_KNOTS((5,3,5),(0.,0.666666666666667,1.),
 .UNSPECIFIED.)
CURVE()
GEOMETRIC_REPRESENTATION_ITEM()
RATIONAL_B_SPLINE_CURVE((1.0045075247149,1.0045075247149,0.992487458808492,
1.0045075247149,1.0045075247149,1.0015025082383,1.,1.))
REPRESENTATION_ITEM('')
);
#102=(
BOUNDED_CURVE()
B_SPLINE_CURVE(4,(#8323,#8324,#8325,#8326,#8327,#8328,#8329,#8330),
 .UNSPECIFIED.,.F.,.F.)
B_SPLINE_CURVE_WITH_KNOTS((5,3,5),(0.,0.333333333333333,1.),
 .UNSPECIFIED.)
CURVE()
GEOMETRIC_REPRESENTATION_ITEM()
RATIONAL_B_SPLINE_CURVE((1.,1.,1.0015025082383,1.0045075247149,1.0045075247149,
0.992487458808492,1.0045075247149,1.0045075247149))
REPRESENTATION_ITEM('')
);
#103=(
BOUNDED_CURVE()
B_SPLINE_CURVE(4,(#8355,#8356,#8357,#8358,#8359,#8360,#8361,#8362),
 .UNSPECIFIED.,.F.,.F.)
B_SPLINE_CURVE_WITH_KNOTS((5,3,5),(0.,0.666666666666667,1.),
 .UNSPECIFIED.)
CURVE()
GEOMETRIC_REPRESENTATION_ITEM()
RATIONAL_B_SPLINE_CURVE((1.0045075247149,1.0045075247149,0.992487458808492,
1.0045075247149,1.0045075247149,1.0015025082383,1.,1.))
REPRESENTATION_ITEM('')
);
#104=(
BOUNDED_CURVE()
B_SPLINE_CURVE(4,(#8393,#8394,#8395,#8396,#8397,#8398,#8399,#8400),
 .UNSPECIFIED.,.F.,.F.)
B_SPLINE_CURVE_WITH_KNOTS((5,3,5),(0.,0.333333333333333,1.),
 .UNSPECIFIED.)
CURVE()
GEOMETRIC_REPRESENTATION_ITEM()
RATIONAL_B_SPLINE_CURVE((1.,1.,1.0015025082383,1.0045075247149,1.0045075247149,
0.992487458808492,1.0045075247149,1.0045075247149))
REPRESENTATION_ITEM('')
);
#105=(
BOUNDED_CURVE()
B_SPLINE_CURVE(4,(#8425,#8426,#8427,#8428,#8429,#8430,#8431,#8432),
 .UNSPECIFIED.,.F.,.F.)
B_SPLINE_CURVE_WITH_KNOTS((5,3,5),(0.,0.666666666666667,1.),
 .UNSPECIFIED.)
CURVE()
GEOMETRIC_REPRESENTATION_ITEM()
RATIONAL_B_SPLINE_CURVE((1.0045075247149,1.0045075247149,0.992487458808492,
1.0045075247149,1.0045075247149,1.0015025082383,1.,1.))
REPRESENTATION_ITEM('')
);
#106=(
BOUNDED_CURVE()
B_SPLINE_CURVE(4,(#8463,#8464,#8465,#8466,#8467,#8468,#8469,#8470),
 .UNSPECIFIED.,.F.,.F.)
B_SPLINE_CURVE_WITH_KNOTS((5,3,5),(0.,0.333333333333333,1.),
 .UNSPECIFIED.)
CURVE()
GEOMETRIC_REPRESENTATION_ITEM()
RATIONAL_B_SPLINE_CURVE((1.,1.,1.0015025082383,1.0045075247149,1.0045075247149,
0.992487458808492,1.0045075247149,1.0045075247149))
REPRESENTATION_ITEM('')
);
#107=(
BOUNDED_CURVE()
B_SPLINE_CURVE(4,(#8495,#8496,#8497,#8498,#8499,#8500,#8501,#8502),
 .UNSPECIFIED.,.F.,.F.)
B_SPLINE_CURVE_WITH_KNOTS((5,3,5),(0.,0.666666666666667,1.),
 .UNSPECIFIED.)
CURVE()
GEOMETRIC_REPRESENTATION_ITEM()
RATIONAL_B_SPLINE_CURVE((1.0045075247149,1.0045075247149,0.992487458808492,
1.0045075247149,1.0045075247149,1.0015025082383,1.,1.))
REPRESENTATION_ITEM('')
);
#108=(
BOUNDED_CURVE()
B_SPLINE_CURVE(4,(#8533,#8534,#8535,#8536,#8537,#8538,#8539,#8540),
 .UNSPECIFIED.,.F.,.F.)
B_SPLINE_CURVE_WITH_KNOTS((5,3,5),(0.,0.333333333333333,1.),
 .UNSPECIFIED.)
CURVE()
GEOMETRIC_REPRESENTATION_ITEM()
RATIONAL_B_SPLINE_CURVE((1.,1.,1.0015025082383,1.0045075247149,1.0045075247149,
0.992487458808492,1.0045075247149,1.0045075247149))
REPRESENTATION_ITEM('')
);
#109=(
BOUNDED_CURVE()
B_SPLINE_CURVE(4,(#8565,#8566,#8567,#8568,#8569,#8570,#8571,#8572),
 .UNSPECIFIED.,.F.,.F.)
B_SPLINE_CURVE_WITH_KNOTS((5,3,5),(0.,0.666666666666667,1.),
 .UNSPECIFIED.)
CURVE()
GEOMETRIC_REPRESENTATION_ITEM()
RATIONAL_B_SPLINE_CURVE((1.0045075247149,1.0045075247149,0.992487458808492,
1.0045075247149,1.0045075247149,1.0015025082383,1.,1.))
REPRESENTATION_ITEM('')
);
#110=(
BOUNDED_CURVE()
B_SPLINE_CURVE(4,(#8601,#8602,#8603,#8604,#8605,#8606,#8607,#8608),
 .UNSPECIFIED.,.F.,.F.)
B_SPLINE_CURVE_WITH_KNOTS((5,3,5),(0.,0.333333333333333,1.),
 .UNSPECIFIED.)
CURVE()
GEOMETRIC_REPRESENTATION_ITEM()
RATIONAL_B_SPLINE_CURVE((1.,1.,1.0015025082383,1.0045075247149,1.0045075247149,
0.992487458808492,1.0045075247149,1.0045075247149))
REPRESENTATION_ITEM('')
);
#111=FACE_BOUND('',#1112,.T.);
#112=FACE_BOUND('',#1113,.T.);
#113=FACE_BOUND('',#1114,.T.);
#114=FACE_BOUND('',#1115,.T.);
#115=FACE_BOUND('',#1116,.T.);
#116=FACE_BOUND('',#1117,.T.);
#117=FACE_BOUND('',#1118,.T.);
#118=FACE_BOUND('',#1122,.T.);
#119=FACE_BOUND('',#1123,.T.);
#120=FACE_BOUND('',#1232,.T.);
#121=FACE_BOUND('',#1233,.T.);
#122=FACE_BOUND('',#1240,.T.);
#123=FACE_BOUND('',#1241,.T.);
#124=FACE_BOUND('',#1242,.T.);
#125=FACE_BOUND('',#1243,.T.);
#126=FACE_BOUND('',#1244,.T.);
#127=FACE_BOUND('',#1245,.T.);
#128=FACE_BOUND('',#1246,.T.);
#129=FACE_BOUND('',#1247,.T.);
#130=FACE_BOUND('',#1248,.T.);
#131=FACE_BOUND('',#1249,.T.);
#132=FACE_BOUND('',#1250,.T.);
#133=FACE_BOUND('',#1251,.T.);
#134=FACE_BOUND('',#1276,.T.);
#135=FACE_BOUND('',#1277,.T.);
#136=FACE_BOUND('',#1278,.T.);
#137=FACE_BOUND('',#1279,.T.);
#138=FACE_BOUND('',#1280,.T.);
#139=FACE_BOUND('',#1281,.T.);
#140=FACE_BOUND('',#1282,.T.);
#141=FACE_BOUND('',#1401,.T.);
#142=FACE_BOUND('',#1402,.T.);
#143=CYLINDRICAL_SURFACE('',#4998,5.95);
#144=CYLINDRICAL_SURFACE('',#5012,5.95);
#145=CYLINDRICAL_SURFACE('',#5084,0.30000000000022);
#146=CYLINDRICAL_SURFACE('',#5088,0.249999999999997);
#147=CYLINDRICAL_SURFACE('',#5092,0.249999999999989);
#148=CYLINDRICAL_SURFACE('',#5096,0.299999999999893);
#149=CYLINDRICAL_SURFACE('',#5102,0.300000000000219);
#150=CYLINDRICAL_SURFACE('',#5106,0.249999999999986);
#151=CYLINDRICAL_SURFACE('',#5110,0.249999999999986);
#152=CYLINDRICAL_SURFACE('',#5114,0.299999999999864);
#153=CYLINDRICAL_SURFACE('',#5132,1.725);
#154=CYLINDRICAL_SURFACE('',#5134,1.725);
